8
0.511391 -0.850516 0.000000 1 0.040000 0.300000 0.000000 70.000000 2 0
0.758418 -0.850512 0.000000 1 0.040000 0.300000 0.000000 70.000000 2 0
1.397821 -0.681045 0.000000 1 0.300000 0.040000 0.000000 70.000000 2 0
1.271899 -0.850515 0.000000 1 0.040000 0.300000 0.000000 70.000000 2 0
0.637379 -0.681053 0.000000 1 0.300000 0.040000 0.000000 70.000000 2 0
1.513057 -0.850509 0.000000 1 0.040000 0.300000 0.000000 70.000000 2 0
0.888855 -0.850496 0.000000 1 0.040000 0.300000 0.000000 70.000000 2 0
1.013025 -0.192598 0.000000 0 0.200000 0.200000 0.000000 30.000000 1
0.634006 -0.925500 0.000000 0 0.150000 0.150000 0.000000 30.000000 1
1.022094 -0.925500 0.000000 0 0.150000 0.150000 0.000000 30.000000 1
1.396734 -0.925500 0.000000 0 0.150000 0.150000 0.000000 30.000000 1
0.579777 -0.511566 0.000000 1 0.040000 0.300000 0.000000 70.000000 2 3
1.020204 -0.586493 0.000000 0 0.150000 0.150000 0.000000 30.000000 1
1.141281 -0.850497 0.000000 1 0.040000 0.300000 0.000000 70.000000 2 0
1.016461 -0.680993 0.000000 1 0.300000 0.040000 0.000000 70.000000 2 0
0.691881 -0.511548 0.000000 1 0.040000 0.300000 0.000000 70.000000 2 3
1.341385 -0.511564 0.000000 1 0.040000 0.300000 0.000000 70.000000 2 3
1.440737 -0.511538 0.000000 1 0.040000 0.300000 0.000000 70.000000 2 3
0.995885 -0.327096 0.000000 1 1.000000 0.070000 0.000000 70.000000 2 0
0.854933 -0.142587 0.000000 1 0.040000 0.300000 0.000000 70.000000 2 3
1.166356 -0.142571 0.000000 1 0.040000 0.300000 0.000000 70.000000 2 3
1.010505 0.026918 0.000000 1 0.300000 0.040000 0.000000 70.000000 2 3
0.626091 0.081909 0.000000 1 0.250000 0.250000 0.000000 70.000000 2 2
1.364826 -0.167608 0.000000 1 0.250000 0.250000 0.000000 70.000000 2 1
1.360485 0.081888 0.000000 1 0.250000 0.250000 0.000000 70.000000 2 2
0.626172 -0.167586 0.000000 1 0.250000 0.250000 0.000000 70.000000 2 1
-0.378479 -0.875554 0.000000 1 0.250000 0.250000 0.000000 70.000000 2 3
-0.376544 -0.626119 0.000000 1 0.250000 0.250000 0.000000 70.000000 2 3
-0.366954 -0.401669 0.000000 1 0.200000 0.200000 0.000000 70.000000 2 2
-0.368882 -0.202214 0.000000 1 0.200000 0.200000 0.000000 70.000000 2 2
-0.366946 -0.002748 0.000000 1 0.200000 0.200000 0.000000 70.000000 2 2
-0.370807 0.196732 0.000000 1 0.200000 0.200000 0.000000 70.000000 2 2
-0.370794 0.396225 0.000000 1 0.200000 0.200000 0.000000 70.000000 2 2
