3
0.424407 -0.700520 0.000000 1 0.100000 0.600000 0.000000 70.000000 2 0
1.137320 -0.700513 0.000000 1 0.100000 0.600000 0.000000 70.000000 2 0
0.787704 -0.925500 0.000000 0 0.150000 0.150000 0.000000 30.000000 1
0.779204 -0.376058 0.000000 1 1.000000 0.050000 0.000000 70.000000 2 0
0.315620 -0.101575 0.000000 1 0.050000 0.500000 0.000000 70.000000 2 0
1.243798 -0.101529 0.000000 1 0.050000 0.500000 0.000000 70.000000 2 0
0.768381 -0.101552 0.000000 1 0.050000 0.500000 0.000000 70.000000 2 0
0.524720 -0.276573 0.000000 0 0.150000 0.150000 0.000000 30.000000 1
1.020334 -0.276546 0.000000 0 0.150000 0.150000 0.000000 30.000000 1
0.783017 0.172940 0.000000 1 1.000000 0.050000 0.000000 70.000000 2 0
0.583220 0.347435 0.000000 1 0.050000 0.300000 0.000000 70.000000 2 3
0.917636 0.347452 0.000000 1 0.050000 0.300000 0.000000 70.000000 2 3
0.753068 0.272436 0.000000 0 0.150000 0.150000 0.000000 30.000000 1
