0.800000 -1.011713 0.000000 1 0.400000 0.050000 0.000000 70.000000 2
0.400100 -0.988151 0.000000 1 0.400000 0.050000 0.000000 70.000000 2
0.000200 -1.018073 0.000000 1 0.400000 0.050000 0.000000 70.000000 2
0.816444 -0.791573 0.000000 1 0.050000 0.400000 0.000000 70.000000 2
0.405733 -0.760509 0.000000 1 0.050000 0.400000 0.000000 70.000000 2
-0.134287 -0.366425 0.000000 1 0.050000 0.400000 0.000000 70.000000 2
0.800000 -0.578231 0.000000 1 0.400000 0.050000 0.000000 70.000000 2
0.962744 -0.786814 0.000000 1 0.050000 0.400000 0.000000 70.000000 2
0.025954 -0.795607 0.000000 1 0.050000 0.400000 0.000000 70.000000 2
-0.040462 -0.160747 0.000000 1 0.400000 0.050000 0.000000 70.000000 2
0.574960 -0.760036 0.000000 1 0.050000 0.400000 0.000000 70.000000 2
0.400100 -0.536446 0.000000 1 0.400000 0.050000 0.000000 70.000000 2
0.692564 -0.786814 0.000000 1 0.050000 0.400000 0.000000 70.000000 2
0.823798 -0.361490 0.000000 1 0.050000 0.400000 0.000000 70.000000 2
0.781786 -0.136590 0.000000 1 0.400000 0.050000 0.000000 70.000000 2
0.393402 -0.436546 0.000000 0 0.150000 0.150000 0.000000 30.000000 1
0.000200 -0.571200 0.000000 1 0.400000 0.050000 0.000000 70.000000 2
0.035519 -0.360760 0.000000 1 0.050000 0.400000 0.000000 70.000000 2
0.166597 -0.799027 0.000000 1 0.050000 0.400000 0.000000 70.000000 2
-0.137001 -0.796100 0.000000 1 0.050000 0.400000 0.000000 70.000000 2
0.229307 -0.763251 0.000000 1 0.050000 0.400000 0.000000 70.000000 2
-0.135838 0.064153 0.000000 1 0.050000 0.400000 0.000000 70.000000 2
