-0.500000 -0.500000 0.000000 0 0.100000 0.100000 0.100000 50.000000
-0.500000 -1.000000 0.000000 1 0.050000 0.300000 1.000000
0.494097 -0.861297 0.000000 1 0.600000 0.050000 1.000000 70.000000
0.700000 -0.913307 0.000000 1 0.600000 0.050000 1.000000 70.000000
0.000000 -1.004012 1.000000 1 0.600000 0.050000 1.000000 70.000000
0.000000 -0.891702 1.000000 1 0.600000 0.050000 1.000000 70.000000
0.000000 -0.975010 1.000000 1 0.600000 0.050000 1.000000 70.000000
0.000000 -0.925010 1.000000 1 0.600000 0.050000 1.000000 70.000000
0.000000 -0.515225 1.000000 1 0.600000 0.050000 1.000000 70.000000
0.000000 -0.663768 1.000000 1 0.600000 0.050000 1.000000 70.000000
0.000000 -0.730404 1.000000 1 0.600000 0.050000 1.000000 70.000000
0.000000 -0.680404 1.000000 1 0.600000 0.050000 1.000000 70.000000
0.000000 -0.629227 1.000000 1 0.600000 0.050000 1.000000 70.000000
0.000000 -0.587848 1.000000 1 0.600000 0.050000 1.000000 70.000000
0.000000 -0.537848 1.000000 1 0.600000 0.050000 1.000000 70.000000
0.000000 -0.478443 1.000000 1 0.600000 0.050000 1.000000 70.000000
0.000000 -0.436864 1.000000 1 0.600000 0.050000 1.000000 70.000000
0.000000 -0.391375 1.000000 1 0.600000 0.050000 1.000000 70.000000
0.000000 -0.343021 1.000000 1 0.600000 0.050000 1.000000 70.000000
0.000000 -0.293021 1.000000 1 0.600000 0.050000 1.000000 70.000000
